25,35
3,2
3,1
3,3
10,315
10,247
10,141
10,153
10,148
10,167
10,121
10,144
11,16
11,14
11,18
11,12
11,11
11,10
11,4
11,1
11,21
11,2
11,3
8,14
8,5
8,15
8,8
8,4
8,2
8,3
12,2
12,1
12,3
20,2
20,1
20,3
19,2
19,1
19,3
24,3
24,2
24,1
24,0
10,295
10,294
10,293
10,292
10,291
10,290
10,289
10,1
10,288
10,3
10,2
10,0
9,7
9,6
9,5
9,4
9,3
18,1
9,2
9,1
9,0
8,18
18,3
8,17
8,1
8,16
14,1
0,511
0,510
0,509
0,508
0,507
0,506
0,505
0,504
0,503
0,502
0,501
0,500
0,499
0,498
0,497
0,496
14,3
13,1
0,495
0,494
0,493
0,492
0,491
0,490
0,489
0,488
0,487
